A=1;
a=0.1;
g=9.8;
